0 0.244776 0.679412 0.197015 0.570588 0.0100242
0 0.613433 0.326471 0.19403 0.0176471 0.0100339
0 0.0507463 0.208824 0.101493 0.0117647 0.0100688
0 0.779104 0.867647 0.185075 0.117647 0.0100718
0 0.941791 0.451471 0.116418 0.0735294 0.0101069
0 0.70597 0.845588 0.265672 0.0147059 0.0101388
0 0.707463 0.320588 0.208955 0.00588235 0.0102242
0 0.861194 0.0794118 0.277612 0.158824 0.0102435
0 0.956716 0.620588 0.0865672 0.0529412 0.0102614
0 0.716418 0.102941 0.40597 0.205882 0.0102916
0 0.470149 0.792647 0.0985075 0.191176 0.0103192
0 0.732836 0.364706 0.116418 0.0823529 0.0103229
0 0.58209 0.352941 0.232836 0.0176471 0.0103691
0 0.955224 0.439706 0.0895522 0.0205882 0.0103797
0 0.161194 0.892647 0.179104 0.108824 0.0104653
0 0.583582 0.370588 0.21194 0.0117647 0.0104834
0 0.829851 0.642647 0.0477612 0.202941 0.0105202
0 0.456716 0.911765 0.262687 0.176471 0.0105574
0 0.723881 0.839706 0.140299 0.255882 0.0105634
0 0.779104 0.416176 0.0895522 0.155882 0.0105643
0 0.061194 0.0985294 0.116418 0.0205882 0.010592
0 0.155224 0.0764706 0.179104 0.152941 0.0106815
0 0.574627 0.139706 0.313433 0.279412 0.0106854
0 0.0746269 0.0205882 0.131343 0.0411765 0.0107908
0 0.255224 0.0220588 0.128358 0.0382353 0.0108338
0 0.426866 0.747059 0.0955224 0.0470588 0.010836
0 0.898507 0.345588 0.202985 0.0382353 0.0108832
0 0.223881 0.422059 0.137313 0.05 0.0109634
0 0.216418 0.905882 0.271642 0.188235 0.0110105
0 0.680597 0.810294 0.220896 0.0147059 0.0110309
0 0.0492537 0.894118 0.0985075 0.0470588 0.0111056
0 0.702985 0.392647 0.229851 0.00294118 0.0111383
0 0.60597 0.369118 0.125373 0.0794118 0.0111747
0 0.526866 0.416176 0.18806 0.0147059 0.0111764
0 0.926866 0.488235 0.146269 0.0294118 0.0113047
0 0.0343284 0.589706 0.0686567 0.15 0.0114719
0 0.250746 0.397059 0.501493 0.335294 0.0117463
0 0.0776119 0.385294 0.137313 0.00588235 0.0117562
0 0.128358 0.954412 0.220896 0.0911765 0.01188
0 0.583582 0.552941 0.295522 0.0235294 0.0118826
0 0.970149 0.0632353 0.0597015 0.126471 0.0120064
0 0.422388 0.798529 0.0686567 0.114706 0.0120365
0 0.177612 0.175 0.355224 0.35 0.0120608
0 0.862687 0.882353 0.274627 0.235294 0.0121013
0 0.426866 0.0852941 0.232836 0.129412 0.012106
0 0.759701 0.272059 0.480597 0.544118 0.0121284
0 0.79403 0.623529 0.41194 0.494118 0.012202
0 0.708955 0.0941176 0.170149 0.0529412 0.0122064
0 0.138806 0.642647 0.235821 0.25 0.012289
0 0.352239 0.183824 0.537313 0.273529 0.0123828
0 0.323881 0.0397059 0.21791 0.0794118 0.0124076
0 0.908955 0.0941176 0.18209 0.188235 0.0124373
0 0.326866 0.0779412 0.223881 0.155882 0.0124591
0 0.704478 0.123529 0.191045 0.0529412 0.0124854
0 0.802985 0.723529 0.0895522 0.164706 0.012523
0 0.804478 0.641176 0.0507463 0.2 0.0125921
0 0.797015 0.794118 0.113433 0.176471 0.0126525
0 0.220896 0.951471 0.202985 0.0970588 0.0126898
0 0.708955 0.379412 0.18209 0.00588235 0.0126921
0 0.549254 0.480882 0.4 0.920588 0.0127627
0 0.710448 0.533824 0.507463 0.844118 0.0127902
0 0.225373 0.914706 0.450746 0.170588 0.0127981
0 0.0552239 0.373529 0.110448 0.0235294 0.0128303
0 0.0432836 0.475 0.0865672 0.214706 0.0128893
0 0.543284 0.925 0.167164 0.15 0.0128958
0 0.058209 0.0338235 0.116418 0.0382353 0.0129913
0 0.813433 0.769118 0.373134 0.297059 0.013069
0 0.49403 0.888235 0.176119 0.105882 0.0131936
0 0.953731 0.316176 0.0925373 0.185294 0.0134793
0 0.0447761 0.917647 0.0895522 0.0705882 0.0134887
0 0.322388 0.957353 0.161194 0.0852941 0.0135058
0 0.928358 0.125 0.143284 0.25 0.0135312
0 0.704478 0.147059 0.214925 0.0470588 0.013648
0 0.628358 0.104412 0.426866 0.208824 0.0136791
0 0.0776119 0.544118 0.155224 0.223529 0.0136807
0 0.910448 0.448529 0.179104 0.0382353 0.0137004
0 0.649254 0.885294 0.176119 0.105882 0.0137137
0 0.537313 0.720588 0.441791 0.164706 0.0138656
0 0.70597 0.164706 0.19403 0.0352941 0.0138877
0 0.141791 0.107353 0.283582 0.214706 0.0140087
0 0.141791 0.917647 0.283582 0.164706 0.0140128
0 0.225373 0.527941 0.450746 0.314706 0.0140268
0 0.679105 0.0426471 0.337313 0.0852941 0.0140406
0 0.0223881 0.0132353 0.0447761 0.0264706 0.0140441
0 0.522388 0.773529 0.39403 0.147059 0.0143157
0 0.649254 0.832353 0.158209 0.111765 0.0143417
0 0.449254 0.764706 0.0985075 0.105882 0.0144028
0 0.840299 0.872059 0.319403 0.255882 0.0144109
0 0.423881 0.951471 0.220896 0.0970588 0.014467
0 0.359701 0.494118 0.283582 0.317647 0.0144702
0 0.371642 0.917647 0.21791 0.164706 0.0145032
0 0.0880597 0.102941 0.176119 0.205882 0.0145166
0 0.955224 0.119118 0.0895522 0.114706 0.0146089
0 0.0373134 0.680882 0.0746269 0.173529 0.0146376
0 0.497015 0.627941 0.21194 0.373529 0.0146708
0 0.592537 0.901471 0.21791 0.197059 0.014684
0 0.920896 0.789706 0.158209 0.420588 0.0147549
0 0.928358 0.708824 0.143284 0.105882 0.0148366
0 0.808955 0.323529 0.38209 0.164706 0.0149469
0 0.919403 0.960294 0.161194 0.0794118 0.0149605
0 0.798507 0.839706 0.0686567 0.308824 0.0150525
0 0.0776119 0.685294 0.107463 0.217647 0.0150857
0 0.440298 0.686765 0.170149 0.408824 0.0151098
0 0.440298 0.841176 0.128358 0.1 0.0152435
0 0.580597 0.476471 0.283582 0.0411765 0.0152886
0 0.650746 0.786765 0.185075 0.161765 0.0154306
0 0.576119 0.444118 0.268657 0.0176471 0.015471
0 0.80597 0.179412 0.38806 0.358824 0.0154762
0 0.525373 0.0367647 0.358209 0.0735294 0.0155138
0 0.9 0.391176 0.2 0.0411765 0.0155211
0 0.826866 0.0338235 0.262687 0.0676471 0.0156335
0 0.946269 0.0647059 0.107463 0.1 0.015663
0 0.577612 0.416176 0.229851 0.00882353 0.0156778
0 0.183582 0.136765 0.18806 0.273529 0.0157209
0 0.798507 0.886765 0.373134 0.161765 0.0158505
0 0.58209 0.504412 0.328358 0.0323529 0.015854
0 0.125373 0.175 0.250746 0.244118 0.0159908
0 0.658209 0.486765 0.20597 0.679412 0.0160677
0 0.947761 0.219118 0.104478 0.144118 0.016159
0 0.446269 0.592647 0.283582 0.620588 0.0161778
0 0.891045 0.467647 0.21791 0.476471 0.0162785
0 0.165672 0.448529 0.331343 0.667647 0.0163536
0 0.558209 0.177941 0.155224 0.244118 0.0164087
0 0.358209 0.129412 0.352239 0.258824 0.0164292
0 0.465672 0.947059 0.435821 0.105882 0.0164945
0 0.723881 0.188235 0.402985 0.152941 0.0165797
0 0.547761 0.841176 0.158209 0.0941176 0.0166463
0 0.0447761 0.180882 0.0895522 0.00882353 0.0166527
0 0.953731 0.613235 0.0925373 0.197059 0.0166622
0 0.255224 0.882353 0.373134 0.188235 0.0168335
0 0.825373 0.222059 0.349254 0.167647 0.016852
0 0.78209 0.0867647 0.322388 0.173529 0.0168543
0 0.192537 0.839706 0.385075 0.232353 0.0168708
0 0.110448 0.766176 0.220896 0.391176 0.0169944
0 0.543284 0.892647 0.131343 0.0794118 0.0170584
0 0.832836 0.176471 0.334328 0.323529 0.0170919
0 0.661194 0.951471 0.391045 0.0970588 0.0170932
0 0.320896 0.398529 0.420896 0.25 0.0170965
0 0.943284 0.169118 0.113433 0.144118 0.0171617
0 0.0761194 0.0647059 0.152239 0.0294118 0.0171621
0 0.902985 0.0308824 0.19403 0.0617647 0.0171826
0 0.262687 0.875 0.489552 0.25 0.017203
0 0.749254 0.783824 0.286567 0.132353 0.017212
0 0.783582 0.835294 0.432836 0.152941 0.0172333
0 0.597015 0.833824 0.220896 0.144118 0.0172385
0 0.589552 0.654412 0.408955 0.179412 0.017409
0 0.944776 0.820588 0.110448 0.123529 0.0174197
0 0.646269 0.732353 0.247761 0.252941 0.0174447
0 0.280597 0.792647 0.561194 0.220588 0.0176033
0 0.913433 0.760294 0.173134 0.132353 0.0176216
0 0.0223881 0.025 0.0447761 0.0382353 0.0176854
0 0.18209 0.414706 0.274627 0.205882 0.0177852
0 0.541791 0.686765 0.158209 0.291176 0.0178004
0 0.910448 0.419118 0.179104 0.0441176 0.0179291
0 0.535821 0.580882 0.552239 0.238235 0.0180235
0 0.59403 0.888235 0.137313 0.123529 0.0180822
0 0.50597 0.152941 0.570149 0.305882 0.0180966
0 0.735821 0.285294 0.420896 0.394118 0.018167
0 0.352239 0.901471 0.346269 0.197059 0.0182797
0 0.885075 0.942647 0.176119 0.114706 0.0183097
0 0.273134 0.913235 0.18806 0.173529 0.0183761
0 0.70597 0.35 0.152239 0.00588235 0.0184064
0 0.546269 0.789706 0.179104 0.108824 0.0184461
0 0.797015 0.835294 0.286567 0.117647 0.0185335
0 0.0626866 0.907353 0.125373 0.185294 0.0185526
0 0.561194 0.914706 0.513433 0.135294 0.0187086
0 0.910448 0.913235 0.179104 0.102941 0.0188209
0 0.58209 0.526471 0.304478 0.0352941 0.0190155
0 0.270149 0.0661765 0.247761 0.132353 0.0190563
0 0.910448 0.654412 0.179104 0.191176 0.0191521
0 0.389552 0.842647 0.235821 0.138235 0.0192534
0 0.134328 0.613235 0.268657 0.438235 0.0193618
0 0.526866 0.0911765 0.265672 0.182353 0.0195211
0 0.902985 0.620588 0.19403 0.405882 0.0198286
0 0.920896 0.520588 0.158209 0.205882 0.0199198
0 0.871642 0.120588 0.256716 0.211765 0.0199652
0 0.723881 0.158824 0.546269 0.317647 0.020094
0 0.222388 0.735294 0.444776 0.270588 0.0202143
0 0.916418 0.117647 0.167164 0.152941 0.0202512
0 0.0776119 0.420588 0.155224 0.341176 0.0203872
0 0.485075 0.738235 0.164179 0.241176 0.0206056
0 0.883582 0.0661765 0.197015 0.132353 0.0206186
0 0.629851 0.892647 0.483582 0.214706 0.0209655
0 0.895522 0.172059 0.208955 0.220588 0.0209713
0 0.240299 0.466176 0.18806 0.226471 0.0209751
0 0.4 0.388235 0.8 0.752941 0.02102
0 0.0835821 0.838235 0.167164 0.323529 0.02109
0 0.459701 0.919118 0.489552 0.0676471 0.0210956
0 0.610448 0.380882 0.158209 0.597059 0.0214244
0 0.0671642 0.130882 0.134328 0.261765 0.0220394
0 0.891045 0.861765 0.21791 0.135294 0.0222949
0 0.952239 0.411765 0.0955224 0.211765 0.0224195
0 0.314925 0.882353 0.629851 0.235294 0.02248
0 0.59403 0.735294 0.149254 0.158824 0.0226886
0 0.368657 0.642647 0.737313 0.297059 0.0227885
0 0.664179 0.382353 0.146269 0.388235 0.0227991
0 0.823881 0.823529 0.197015 0.229412 0.0228954
0 0.464179 0.164706 0.498507 0.170588 0.0231997
0 0.885075 0.313235 0.229851 0.391176 0.0232343
0 0.162687 0.841176 0.247761 0.188235 0.0235153
0 0.602985 0.632353 0.280597 0.323529 0.0239356
0 0.0373134 0.129412 0.0746269 0.0117647 0.0245262
0 0.280597 0.635294 0.465672 0.564706 0.0248261
0 0.237313 0.567647 0.307463 0.217647 0.0249188
0 0.198507 0.182353 0.397015 0.347059 0.0254625
0 0.410448 0.286765 0.486567 0.520588 0.0254878
0 0.279104 0.732353 0.331343 0.276471 0.0255015
0 0.570149 0.238235 0.423881 0.329412 0.0260352
0 0.870149 0.830882 0.235821 0.338235 0.026046
0 0.48806 0.620588 0.367164 0.152941 0.0261554
0 0.0432836 0.157353 0.0865672 0.00882353 0.0266156
0 0.220896 0.107353 0.38806 0.214706 0.0270643
0 0.780597 0.926471 0.414925 0.147059 0.0275445
0 0.0283582 0.101471 0.0567164 0.0205882 0.0276304
0 0.41791 0.488235 0.555224 0.564706 0.0278148
0 0.0253731 0.0470588 0.0507463 0.0588235 0.0279214
0 0.452239 0.866176 0.498507 0.0970588 0.0279663
0 0.519403 0.382353 0.316418 0.335294 0.0279714
0 0.38806 0.792647 0.226866 0.0911765 0.0290227
0 0.81791 0.663235 0.238806 0.326471 0.0290877
0 0.78209 0.705882 0.435821 0.288235 0.0293697
0 0.910448 0.410294 0.179104 0.155882 0.0294797
0 0.158209 0.469118 0.316418 0.379412 0.0297175
0 0.771642 0.480882 0.456716 0.361765 0.0300786
0 0.519403 0.802941 0.543284 0.394118 0.0307689
0 0.438806 0.680882 0.453731 0.202941 0.0309656
0 0.161194 0.0602941 0.322388 0.120588 0.0315828
0 0.758209 0.607353 0.483582 0.320588 0.032579
0 0.116418 0.311765 0.232836 0.452941 0.0331956
0 0.847761 0.558824 0.304478 0.211765 0.0346386
0 0.231343 0.298529 0.438806 0.597059 0.0355802
0 0.459701 0.822059 0.40597 0.144118 0.0358078
0 0.662687 0.751471 0.513433 0.426471 0.0360073
0 0.408955 0.764706 0.292537 0.311765 0.0389801
0 0.143284 0.0867647 0.286567 0.173529 0.0393211
0 0.0253731 0.0720588 0.0507463 0.0382353 0.0399638
0 0.180597 0.789706 0.235821 0.420588 0.041321
0 0.886567 0.472059 0.226866 0.214706 0.0430392
0 0.241791 0.820588 0.244776 0.264706 0.0461279
0 0.770149 0.838235 0.459701 0.323529 0.048292
0 0.602985 0.551471 0.644776 0.455882 0.0508183
0 0.613433 0.375 0.510448 0.473529 0.0566084
