0 0.514925 0.327941 0.379104 0.0794118 0.0200158
0 0.426866 0.0411765 0.322388 0.0823529 0.0202077
0 0.465672 0.475 0.286567 0.255882 0.0202301
0 0.371642 0.680882 0.104478 0.0323529 0.0203315
0 0.562687 0.110294 0.259701 0.220588 0.0203674
0 0.826866 0.816176 0.304478 0.367647 0.0204751
0 0.643284 0.198529 0.146269 0.0794118 0.0204925
0 0.770149 0.711765 0.304478 0.411765 0.0205173
0 0.0955224 0.335294 0.191045 0.105882 0.0205681
0 0.235821 0.760294 0.161194 0.0147059 0.0205784
0 0.922388 0.0397059 0.155224 0.0794118 0.0206163
0 0.434328 0.617647 0.146269 0.0117647 0.02062
0 0.320896 0.486765 0.170149 0.114706 0.0206821
0 0.791045 0.329412 0.0835821 0.0882353 0.0207281
0 0.426866 0.283824 0.208955 0.138235 0.0207338
0 0.979104 0.0720588 0.041791 0.0676471 0.0207705
0 0.579104 0.0455882 0.322388 0.0911765 0.0208618
0 0.823881 0.876471 0.334328 0.247059 0.0209247
0 0.422388 0.336765 0.20597 0.132353 0.0210629
0 0.61194 0.269118 0.119403 0.0558824 0.0211631
0 0.823881 0.327941 0.334328 0.132353 0.0212202
0 0.898507 0.410294 0.202985 0.297059 0.0212362
0 0.543284 0.694118 0.107463 0.0352941 0.0212618
0 0.934328 0.876471 0.131343 0.105882 0.0212998
0 0.571642 0.176471 0.331343 0.135294 0.0213284
0 0.659701 0.148529 0.0716418 0.214706 0.0214714
0 0.216418 0.0470588 0.355224 0.0941176 0.0214779
0 0.223881 0.132353 0.220896 0.111765 0.0215197
0 0.125373 0.519118 0.250746 0.261765 0.0215557
0 0.492537 0.669118 0.113433 0.0264706 0.0216109
0 0.0850746 0.826471 0.170149 0.105882 0.0217293
0 0.267164 0.232353 0.2 0.1 0.0217319
0 0.237313 0.786765 0.134328 0.0147059 0.0217334
0 0.940298 0.576471 0.119403 0.0941176 0.0218179
0 0.541791 0.672059 0.122388 0.0382353 0.0218529
0 0.779104 0.0382353 0.268657 0.0764706 0.0219207
0 0.516418 0.85 0.340299 0.3 0.0219369
0 0.359701 0.267647 0.20597 0.3 0.022024
0 0.364179 0.825 0.0835821 0.0441176 0.0220415
0 0.110448 0.192647 0.220896 0.155882 0.0220703
0 0.276119 0.577941 0.277612 0.132353 0.0221614
0 0.425373 0.232353 0.21194 0.123529 0.0221911
0 0.426866 0.133824 0.208955 0.120588 0.0223429
0 0.0820896 0.679412 0.164179 0.0882353 0.0223673
0 0.756716 0.148529 0.486567 0.297059 0.0224852
0 0.119403 0.767647 0.238806 0.358824 0.0225047
0 0.908955 0.473529 0.18209 0.0941176 0.0225192
0 0.131343 0.242647 0.262687 0.126471 0.0225346
0 0.828358 0.227941 0.265672 0.126471 0.0225551
0 0.822388 0.176471 0.223881 0.347059 0.0225752
0 0.0283582 0.888235 0.0567164 0.0764706 0.0225893
0 0.41791 0.719118 0.137313 0.0323529 0.0225929
0 0.425373 0.182353 0.259701 0.129412 0.0226139
0 0.938806 0.526471 0.122388 0.1 0.0226183
0 0.486567 0.644118 0.131343 0.0176471 0.022678
0 0.131343 0.139706 0.262687 0.15 0.0227241
0 0.937313 0.926471 0.125373 0.147059 0.0227468
0 0.359701 0.372059 0.21791 0.279412 0.0228127
0 0.358209 0.167647 0.280597 0.335294 0.0228408
0 0.080597 0.386765 0.161194 0.114706 0.0229706
0 0.89403 0.820588 0.21194 0.323529 0.0229818
0 0.289552 0.686765 0.149254 0.0205882 0.0229941
0 0.361194 0.473529 0.256716 0.282353 0.0230657
0 0.777612 0.573529 0.158209 0.0705882 0.0230836
0 0.316418 0.735294 0.143284 0.0117647 0.0231073
0 0.78209 0.717647 0.167164 0.105882 0.0231156
0 0.271642 0.183824 0.256716 0.120588 0.0232509
0 0.0940299 0.882353 0.18806 0.129412 0.0232525
0 0.170149 0.948529 0.179104 0.102941 0.0233166
0 0.340299 0.816176 0.0955224 0.0264706 0.023322
0 0.038806 0.226471 0.0776119 0.0823529 0.0233857
0 0.779104 0.673529 0.125373 0.0705882 0.0234396
0 0.759701 0.379412 0.480597 0.511765 0.0234434
0 0.713433 0.248529 0.573134 0.497059 0.0234475
0 0.777612 0.623529 0.128358 0.0705882 0.0234768
0 0.91194 0.317647 0.176119 0.1 0.0235086
0 0.880597 0.0764706 0.226866 0.0941176 0.0235268
0 0.223881 0.0779412 0.268657 0.102941 0.0236023
0 0.925373 0.269118 0.149254 0.108824 0.023722
0 0.21194 0.839706 0.352239 0.320588 0.0237798
0 0.634328 0.527941 0.134328 0.102941 0.0238704
0 0.346269 0.680882 0.137313 0.0147059 0.0240524
0 0.861194 0.617647 0.277612 0.370588 0.0240687
0 0.174627 0.470588 0.349254 0.223529 0.0241261
0 0.483582 0.0794118 0.202985 0.111765 0.0242185
0 0.807463 0.811765 0.385075 0.376471 0.024243
0 0.41791 0.391176 0.202985 0.123529 0.0243281
0 0.0895522 0.0514706 0.179104 0.102941 0.0243958
0 0.462687 0.579412 0.376119 0.358824 0.0244055
0 0.326866 0.136765 0.21791 0.126471 0.0244675
0 0.876119 0.523529 0.21791 0.0882353 0.0245011
0 0.346269 0.655882 0.119403 0.0176471 0.0245086
0 0.465672 0.142647 0.40597 0.285294 0.0245306
0 0.735821 0.0764706 0.235821 0.135294 0.0247435
0 0.222388 0.538235 0.247761 0.129412 0.0247823
0 0.379104 0.0779412 0.214925 0.102941 0.0249835
0 0.0268657 0.102941 0.0537313 0.0588235 0.0249959
0 0.919403 0.719118 0.161194 0.0852941 0.0250168
0 0.583582 0.0764706 0.223881 0.129412 0.0251284
0 0.0940299 0.777941 0.18806 0.132353 0.0251811
0 0.913433 0.369118 0.173134 0.0970588 0.025206
0 0.470149 0.225 0.361194 0.379412 0.0252562
0 0.468657 0.722059 0.173134 0.0264706 0.0252735
0 0.289552 0.713235 0.179104 0.0205882 0.0252846
0 0.91791 0.164706 0.164179 0.264706 0.0253098
0 0.88209 0.722059 0.170149 0.138235 0.0254195
0 0.676119 0.95 0.18209 0.1 0.0254611
0 0.977612 0.0485294 0.0447761 0.0794118 0.0255706
0 0.0970149 0.930882 0.19403 0.120588 0.0257517
0 0.913433 0.423529 0.173134 0.1 0.025798
0 0.920896 0.672059 0.158209 0.0911765 0.0259783
0 0.271642 0.948529 0.179104 0.102941 0.0259982
0 0.20597 0.877941 0.41194 0.244118 0.0260134
0 0.21194 0.386765 0.197015 0.0911765 0.0260168
0 0.676119 0.123529 0.0208955 0.0176471 0.0260266
0 0.228358 0.613235 0.128358 0.0382353 0.0260773
0 0.725373 0.579412 0.143284 0.0882353 0.0261725
0 0.728358 0.470588 0.173134 0.0764706 0.0261882
0 0.683582 0.532353 0.149254 0.129412 0.0263635
0 0.835821 0.626471 0.137313 0.105882 0.0264131
0 0.723881 0.675 0.152239 0.0852941 0.0264367
0 0.564179 0.220588 0.358209 0.0941176 0.0264966
0 0.119403 0.394118 0.238806 0.0588235 0.0265197
0 0.879104 0.676471 0.152239 0.123529 0.0265364
0 0.131343 0.175 0.262687 0.35 0.0265768
0 0.919403 0.222059 0.161194 0.114706 0.0266735
0 0.171642 0.585294 0.259701 0.111765 0.026678
0 0.832836 0.935294 0.179104 0.129412 0.0266924
0 0.826866 0.522059 0.346269 0.461765 0.0267193
0 0.223881 0.922059 0.197015 0.155882 0.0268419
0 0.522388 0.433824 0.310448 0.102941 0.0269257
0 0.841791 0.825 0.238806 0.208824 0.0270279
0 0.776119 0.523529 0.167164 0.0823529 0.0270632
0 0.0791045 0.436765 0.158209 0.114706 0.0271095
0 0.822388 0.470588 0.21194 0.0882353 0.0272505
0 0.722388 0.627941 0.149254 0.0970588 0.027281
0 0.529851 0.482353 0.19403 0.1 0.0273048
0 0.370149 0.541176 0.155224 0.105882 0.0273054
0 0.101493 0.952941 0.202985 0.0941176 0.0274728
0 0.129851 0.925 0.18806 0.15 0.027544
0 0.819403 0.422059 0.271642 0.0735294 0.0276648
0 0.577612 0.948529 0.18209 0.102941 0.027678
0 0.219403 0.489706 0.21194 0.132353 0.0277611
0 0.425373 0.482353 0.176119 0.0941176 0.0277704
0 0.922388 0.622059 0.155224 0.0852941 0.0277962
0 0.261194 0.413235 0.301493 0.302941 0.0278308
0 0.755224 0.761765 0.489552 0.476471 0.0278694
0 0.685075 0.723529 0.19403 0.141176 0.0278802
0 0.41791 0.439706 0.197015 0.114706 0.0279026
0 0.31791 0.707353 0.140299 0.0147059 0.0280143
0 0.719403 0.576471 0.304478 0.370588 0.0280628
0 0.677612 0.129412 0.39403 0.141176 0.0281401
0 0.11791 0.0955882 0.235821 0.191176 0.0281923
0 0.946269 0.0764706 0.107463 0.111765 0.0282247
0 0.879104 0.575 0.170149 0.108824 0.0282611
0 0.850746 0.154412 0.298507 0.308824 0.028302
0 0.21791 0.438235 0.202985 0.129412 0.028406
0 0.289552 0.661765 0.125373 0.0352941 0.0285086
0 0.579104 0.527941 0.131343 0.0970588 0.0285699
0 0.926866 0.123529 0.146269 0.123529 0.0286056
0 0.771642 0.327941 0.414925 0.0676471 0.0289131
0 0.679105 0.638235 0.176119 0.152941 0.0289338
0 0.435821 0.645588 0.149254 0.0147059 0.0289605
0 0.20597 0.320588 0.256716 0.323529 0.028985
0 0.685075 0.586765 0.158209 0.132353 0.0290812
0 0.634328 0.583824 0.134328 0.114706 0.0291491
0 0.477612 0.866176 0.220896 0.15 0.0291614
0 0.123881 0.723529 0.229851 0.135294 0.0291826
0 0.397015 0.741176 0.119403 0.0176471 0.0292154
0 0.261194 0.683824 0.128358 0.0382353 0.0292411
0 0.797015 0.229412 0.40597 0.405882 0.0293388
0 0.61791 0.177941 0.429851 0.355882 0.0293775
0 0.883582 0.627941 0.137313 0.126471 0.0294021
0 0.262687 0.708824 0.113433 0.0411765 0.029746
0 0.622388 0.913235 0.18806 0.173529 0.0297549
0 0.913433 0.770588 0.173134 0.129412 0.0298631
0 0.274627 0.725 0.549254 0.426471 0.0299519
0 0.114925 0.538235 0.21791 0.0823529 0.0300394
0 0.728358 0.177941 0.358209 0.15 0.0300463
0 0.425373 0.536765 0.134328 0.108824 0.0300534
0 0.897015 0.947059 0.20597 0.105882 0.0301368
0 0.477612 0.533824 0.143284 0.0970588 0.0303939
0 0.510448 0.382353 0.340299 0.0764706 0.03056
0 0.732836 0.913235 0.176119 0.173529 0.0305622
0 0.171642 0.635294 0.289552 0.105882 0.0306165
0 0.229851 0.638235 0.137313 0.0294118 0.0307451
0 0.440298 0.670588 0.134328 0.0235294 0.0307907
0 0.213433 0.716176 0.295522 0.0970588 0.0308413
0 0.523881 0.914706 0.2 0.170588 0.0308933
0 0.914925 0.172059 0.170149 0.144118 0.0309419
0 0.744776 0.827941 0.19403 0.191176 0.031037
0 0.467164 0.697059 0.152239 0.0352941 0.0311178
0 0.737313 0.772059 0.167164 0.155882 0.0312544
0 0.214925 0.672059 0.334328 0.102941 0.0313753
0 0.567164 0.270588 0.4 0.0529412 0.0317716
0 0.423881 0.945588 0.179104 0.108824 0.031804
0 0.765672 0.375 0.462687 0.0676471 0.0318177
0 0.204478 0.576471 0.408955 0.458824 0.0318398
0 0.108955 0.486765 0.21791 0.0970588 0.0320571
0 0.685075 0.872059 0.19403 0.138235 0.0321707
0 0.528358 0.532353 0.149254 0.111765 0.0323252
0 0.476119 0.766176 0.241791 0.144118 0.0323276
0 0.314925 0.155882 0.534328 0.311765 0.0324116
0 0.131343 0.442647 0.262687 0.0911765 0.0324858
0 0.737313 0.783824 0.525373 0.35 0.0327151
0 0.58209 0.864706 0.232836 0.147059 0.0327215
0 0.155224 0.169118 0.304478 0.338235 0.0327235
0 0.477612 0.845588 0.626866 0.308824 0.0328098
0 0.576119 0.579412 0.155224 0.117647 0.0329833
0 0.816418 0.683824 0.367164 0.467647 0.0331281
0 0.792537 0.902941 0.170149 0.194118 0.033206
0 0.635821 0.769118 0.256716 0.155882 0.0332737
0 0.322388 0.857353 0.376119 0.285294 0.033464
0 0.616418 0.326471 0.361194 0.0470588 0.0334769
0 0.323881 0.919118 0.18806 0.161765 0.0335129
0 0.170149 0.769118 0.298507 0.138235 0.0336896
0 0.577612 0.630882 0.20597 0.138235 0.033778
0 0.374627 0.711765 0.122388 0.0294118 0.0339435
0 0.580597 0.719118 0.289552 0.132353 0.0340987
0 0.69403 0.633824 0.61194 0.397059 0.0342401
0 0.167164 0.873529 0.292537 0.170588 0.0342538
0 0.726866 0.219118 0.402985 0.0852941 0.0342891
0 0.771642 0.277941 0.361194 0.114706 0.0343592
0 0.90597 0.820588 0.18806 0.158824 0.0348738
0 0.122388 0.820588 0.244776 0.129412 0.0348818
0 0.722388 0.269118 0.38806 0.0441176 0.0348872
0 0.214925 0.816176 0.262687 0.102941 0.0349315
0 0.634328 0.472059 0.241791 0.0911765 0.035045
0 0.531343 0.814706 0.226866 0.176471 0.0352029
0 0.674627 0.845588 0.489552 0.308824 0.0353458
0 0.370149 0.585294 0.226866 0.147059 0.0353726
0 0.41791 0.717647 0.328358 0.123529 0.0354721
0 0.419403 0.672059 0.325373 0.114706 0.0354751
0 0.320896 0.870588 0.253731 0.111765 0.0358799
0 0.425373 0.817647 0.229851 0.147059 0.0365758
0 0.9 0.195588 0.2 0.391176 0.0366037
0 0.720896 0.420588 0.307463 0.0823529 0.0367083
0 0.414925 0.419118 0.555224 0.526471 0.0367475
0 0.234328 0.655882 0.134328 0.0235294 0.0374319
0 0.470149 0.627941 0.241791 0.138235 0.0387557
0 0.373134 0.772059 0.119403 0.0264706 0.0388961
0 0.431343 0.914706 0.21194 0.135294 0.0389563
0 0.170149 0.822059 0.340299 0.355882 0.0392767
0 0.668657 0.379412 0.40597 0.0470588 0.0393003
0 0.310448 0.270588 0.39403 0.388235 0.0396825
0 0.473134 0.577941 0.18209 0.138235 0.0398415
0 0.58209 0.672059 0.268657 0.126471 0.040545
0 0.183582 0.236765 0.367164 0.473529 0.0408054
0 0.376119 0.732353 0.113433 0.0176471 0.0408328
0 0.880597 0.911765 0.232836 0.176471 0.0409987
0 0.367164 0.8 0.0477612 0.0764706 0.041137
0 0.10597 0.208824 0.21194 0.417647 0.0428624
0 0.450746 0.772059 0.901493 0.455882 0.0428827
0 0.31791 0.816176 0.301493 0.0911765 0.0436921
0 0.28209 0.385294 0.564179 0.747059 0.0443841
0 0.365672 0.626471 0.295522 0.0941176 0.0445033
0 0.608955 0.573529 0.704478 0.676471 0.0457593
0 0.619403 0.425 0.402985 0.0617647 0.0463938
0 0.31791 0.372059 0.540299 0.302941 0.0471544
0 0.347761 0.707353 0.152239 0.00882353 0.0483868
0 0.346269 0.794118 0.107463 0.0235294 0.0505867
0 0.31194 0.669118 0.343284 0.0617647 0.0592466
0 0.426866 0.575 0.853731 0.432353 0.0597671
0 0.302985 0.766176 0.379104 0.0794118 0.061853
0 0.313433 0.720588 0.340299 0.0705882 0.0687638
0 0.349254 0.730882 0.143284 0.00882353 0.0715374
0 0.349254 0.761765 0.143284 0.0117647 0.0730987
