0 0.884384 0.720588 0.0630631 0.0411765 0.0100044
0 0.258258 0.494118 0.0840841 0.0411765 0.010008
0 0.869369 0.345588 0.0750751 0.0558824 0.0100216
0 0.983483 0.602941 0.033033 0.0529412 0.0100267
0 0.527027 0.941176 0.0510511 0.0882353 0.0100268
0 0.714715 0.170588 0.0660661 0.0647059 0.0100318
0 0.0555556 0.119118 0.0870871 0.0617647 0.0100362
0 0.821321 0.772059 0.123123 0.0264706 0.0100371
0 0.124625 0.330882 0.0570571 0.0441176 0.0100418
0 0.833333 0.220588 0.0630631 0.0882353 0.0100466
0 0.884384 0.270588 0.0690691 0.0823529 0.0100564
0 0.875375 0.025 0.0810811 0.05 0.0100646
0 0.0135135 0.160294 0.027027 0.0441176 0.0100811
0 0.96997 0.685294 0.0600601 0.0294118 0.010082
0 0.728228 0.257353 0.033033 0.0617647 0.0100934
0 0.0675676 0.283824 0.045045 0.05 0.0100962
0 0.65015 0.188235 0.0690691 0.0470588 0.0100976
0 0.831832 0.0955882 0.0840841 0.0794118 0.0100996
0 0.884384 0.944118 0.033033 0.0647059 0.010112
0 0.704204 0.286765 0.0570571 0.0441176 0.0101125
0 0.28979 0.0676471 0.0630631 0.0529412 0.0101196
0 0.695195 0.158824 0.033033 0.0470588 0.01012
0 0.312312 0.0235294 0.0540541 0.0470588 0.0101258
0 0.846847 0.0279412 0.0780781 0.0558824 0.0101356
0 0.651652 0.586765 0.114114 0.0441176 0.0101378
0 0.186186 0.585294 0.0720721 0.0117647 0.0101587
0 0.698198 0.314706 0.0570571 0.0352941 0.0101661
0 0.54955 0.726471 0.0720721 0.0588235 0.0101663
0 0.857357 0.719118 0.0750751 0.0441176 0.0101783
0 0.258258 0.736765 0.0900901 0.0558824 0.0101846
0 0.782282 0.197059 0.0570571 0.1 0.0101846
0 0.746246 0.304412 0.123123 0.0323529 0.0101929
0 0.845345 0.394118 0.0690691 0.0647059 0.0102029
0 0.105105 0.691176 0.048048 0.0529412 0.0102111
0 0.331832 0.139706 0.111111 0.0852941 0.010213
0 0.426426 0.0676471 0.0780781 0.0647059 0.0102179
0 0.264264 0.419118 0.0600601 0.0852941 0.0102256
0 0.0690691 0.261765 0.0960961 0.0411765 0.0102265
0 0.975976 0.135294 0.048048 0.0529412 0.0102291
0 0.40991 0.745588 0.0990991 0.0441176 0.0102342
0 0.921922 0.544118 0.0660661 0.0529412 0.0102362
0 0.756757 0.0676471 0.0780781 0.0823529 0.0102417
0 0.57958 0.498529 0.114114 0.0558824 0.0102519
0 0.141141 0.369118 0.12012 0.0617647 0.0102634
0 0.587087 0.0264706 0.0690691 0.0529412 0.0102726
0 0.487988 0.319118 0.111111 0.0676471 0.010284
0 0.114114 0.260294 0.0900901 0.0676471 0.0102928
0 0.569069 0.338235 0.195195 0.0588235 0.0103207
0 0.451952 0.963235 0.039039 0.0735294 0.0103273
0 0.627628 0.669118 0.0840841 0.0323529 0.0103405
0 0.447447 0.625 0.0840841 0.0382353 0.0103407
0 0.312312 0.0617647 0.042042 0.0705882 0.010343
0 0.261261 0.469118 0.0720721 0.0558824 0.0103467
0 0.594595 0.695588 0.126126 0.0147059 0.0103663
0 0.587087 0.0455882 0.0690691 0.05 0.010367
0 0.627628 0.642647 0.102102 0.0323529 0.0103726
0 0.5 0.894118 0.0630631 0.0941176 0.0103768
0 0.963964 0.294118 0.0660661 0.0647059 0.0103812
0 0.75976 0.932353 0.048048 0.135294 0.0104
0 0.0165165 0.464706 0.033033 0.0823529 0.010405
0 0.412913 0.420588 0.0930931 0.0705882 0.0104086
0 0.475976 0.5 0.0990991 0.0823529 0.010424
0 0.0165165 0.661765 0.033033 0.0823529 0.0104251
0 0.975976 0.416176 0.048048 0.0735294 0.0104271
0 0.872372 0.844118 0.123123 0.0470588 0.0104347
0 0.421922 0.625 0.0750751 0.05 0.010446
0 0.584084 0.0720588 0.0630631 0.0617647 0.0104628
0 0.690691 0.0235294 0.048048 0.0470588 0.0104765
0 0.518018 0.939706 0.0810811 0.0558824 0.0104849
0 0.22973 0.592647 0.105105 0.0323529 0.0104867
0 0.375375 0.941176 0.048048 0.0705882 0.0105004
0 0.648649 0.322059 0.042042 0.0205882 0.0105016
0 0.021021 0.944118 0.042042 0.0588235 0.0105078
0 0.941441 0.742647 0.117117 0.0441176 0.0105121
0 0.693694 0.366176 0.0720721 0.0264706 0.010517
0 0.402402 0.917647 0.048048 0.0647059 0.0105486
0 0.528529 0.576471 0.102102 0.0647059 0.0105515
0 0.0435435 0.389706 0.0870871 0.0205882 0.0105534
0 0.882883 0.744118 0.0600601 0.0470588 0.010561
0 0.503003 0.123529 0.0690691 0.1 0.010567
0 0.605105 0.547059 0.105105 0.0411765 0.0105874
0 0.354354 0.0632353 0.048048 0.0617647 0.0105935
0 0.0975976 0.285294 0.117117 0.0647059 0.0106025
0 0.501502 0.551471 0.0900901 0.0794118 0.0106133
0 0.962462 0.170588 0.0690691 0.0529412 0.0106263
0 0.551051 0.897059 0.0630631 0.0823529 0.0106358
0 0.791291 0.797059 0.0750751 0.0176471 0.0106473
0 0.903904 0.672059 0.192192 0.255882 0.0106637
0 0.605105 0.594118 0.111111 0.0352941 0.0106663
0 0.328829 0.701471 0.111111 0.226471 0.0106858
0 0.734234 0.142647 0.0510511 0.0794118 0.0106931
0 0.611111 0.277941 0.117117 0.0735294 0.010695
0 0.653153 0.232353 0.0630631 0.0352941 0.0106968
0 0.735736 0.277941 0.126126 0.0794118 0.0107043
0 0.855856 0.695588 0.0660661 0.0441176 0.0107212
0 0.720721 0.316176 0.0660661 0.0382353 0.0107235
0 0.0960961 0.370588 0.0960961 0.0235294 0.0107249
0 0.421922 0.0411765 0.0630631 0.0470588 0.0107274
0 0.542042 0.651471 0.177177 0.0147059 0.0107338
0 0.647147 0.502941 0.195195 0.0294118 0.0107431
0 0.768769 0.823529 0.132132 0.0117647 0.0107669
0 0.578078 0.776471 0.0510511 0.0588235 0.01078
0 0.884384 0.222059 0.0630631 0.0794118 0.0107945
0 0.602102 0.8 0.0690691 0.0647059 0.0108031
0 0.22973 0.570588 0.117117 0.0352941 0.0108073
0 0.244745 0.0411765 0.0930931 0.0294118 0.010811
0 0.0510511 0.473529 0.102102 0.0529412 0.0108234
0 0.0600601 0.0897059 0.0960961 0.0735294 0.0108287
0 0.142643 0.416176 0.135135 0.0264706 0.0108305
0 0.445946 0.85 0.0630631 0.0647059 0.0108721
0 0.927928 0.841176 0.132132 0.0235294 0.0108766
0 0.86036 0.272059 0.0690691 0.0735294 0.0108798
0 0.602102 0.848529 0.0750751 0.0735294 0.010883
0 0.779279 0.0441176 0.0630631 0.0705882 0.0108867
0 0.90991 0.710294 0.036036 0.0323529 0.0108913
0 0.960961 0.195588 0.0600601 0.0617647 0.0108914
0 0.882883 0.0676471 0.0720721 0.0588235 0.0109137
0 0.226727 0.616176 0.111111 0.0441176 0.0109375
0 0.728228 0.644118 0.0810811 0.0235294 0.0109412
0 0.576577 0.848529 0.0660661 0.0617647 0.0109606
0 0.843844 0.419118 0.0720721 0.0558824 0.0109616
0 0.627628 0.229412 0.0780781 0.0352941 0.0109654
0 0.602102 0.895588 0.0750751 0.0794118 0.0109722
0 0.857357 0.745588 0.0630631 0.05 0.0109768
0 0.021021 0.277941 0.042042 0.0735294 0.0109776
0 0.141141 0.392647 0.162162 0.0441176 0.0109819
0 0.626126 0.851471 0.0750751 0.0911765 0.0109821
0 0.591592 0.625 0.126126 0.00882353 0.0109987
0 0.780781 0.723529 0.0900901 0.0411765 0.0110026
0 0.834835 0.895588 0.0540541 0.0617647 0.0110038
0 0.599099 0.236765 0.111111 0.0558824 0.0110095
0 0.602102 0.522059 0.111111 0.0558824 0.0110215
0 0.966967 0.519118 0.0660661 0.0558824 0.0110298
0 0.630631 0.108824 0.0660661 0.152941 0.0110418
0 0.0645646 0.242647 0.111111 0.0441176 0.0110501
0 0.707207 0.822059 0.0690691 0.0323529 0.0110611
0 0.771772 0.691176 0.0900901 0.0235294 0.0110649
0 0.785285 0.929412 0.0510511 0.141176 0.0110692
0 0.570571 0.238235 0.294294 0.188235 0.0110832
0 0.692192 0.0867647 0.027027 0.0735294 0.0110888
0 0.645646 0.342647 0.0540541 0.0264706 0.0111111
0 0.675676 0.383824 0.18018 0.244118 0.0111195
0 0.627628 0.563235 0.114114 0.0323529 0.0111335
0 0.867868 0.372059 0.0780781 0.0617647 0.0111667
0 0.18018 0.655882 0.0600601 0.0588235 0.0111687
0 0.253754 0.985294 0.0930931 0.0294118 0.0111728
0 0.77027 0.8 0.147147 0.0176471 0.0111729
0 0.822823 0.719118 0.132132 0.0264706 0.0111731
0 0.277778 0.569118 0.129129 0.05 0.0111871
0 0.324324 0.730882 0.03003 0.308824 0.0112254
0 0.707207 0.798529 0.0810811 0.0441176 0.0112281
0 0.762763 0.445588 0.114114 0.0441176 0.0112288
0 0.033033 0.111765 0.0660661 0.0529412 0.0112335
0 0.378378 0.764706 0.03003 0.0176471 0.0112392
0 0.675676 0.180882 0.036036 0.0323529 0.0112543
0 0.764264 0.286765 0.0990991 0.0558824 0.011257
0 0.475976 0.351471 0.0870871 0.0558824 0.0112724
0 0.36036 0.0235294 0.0600601 0.0470588 0.011291
0 0.291291 0.0397059 0.0960961 0.0441176 0.011304
0 0.809309 0.897059 0.0570571 0.0647059 0.0113062
0 0.436937 0.897059 0.0810811 0.0294118 0.0113238
0 0.524024 0.848529 0.0690691 0.0794118 0.0113379
0 0.828829 0.847059 0.042042 0.0470588 0.0113519
0 0.687688 0.0661765 0.024024 0.0852941 0.0113584
0 0.768769 0.548529 0.144144 0.0264706 0.0113593
0 0.552553 0.773529 0.0660661 0.0470588 0.0113597
0 0.807808 0.848529 0.048048 0.0441176 0.0113676
0 0.34985 0.672059 0.0570571 0.0147059 0.0113687
0 0.746246 0.316176 0.033033 0.05 0.0113719
0 0.524024 0.0411765 0.0690691 0.0823529 0.0113738
0 0.758258 0.170588 0.0630631 0.0941176 0.0113758
0 0.92042 0.720588 0.159159 0.0588235 0.011376
0 0.015015 0.911765 0.03003 0.0705882 0.0113789
0 0.698198 0.185294 0.045045 0.0470588 0.0113933
0 0.43994 0.445588 0.0990991 0.0441176 0.011402
0 0.220721 0.794118 0.0870871 0.0647059 0.0114068
0 0.5 0.498529 0.0810811 0.0617647 0.0114089
0 0.527027 0.651471 0.0990991 0.0617647 0.0114191
0 0.462462 0.983824 0.0960961 0.0323529 0.0114202
0 0.938438 0.961765 0.015015 0.0352941 0.0114326
0 0.0345345 0.0852941 0.0570571 0.0588235 0.011445
0 0.527027 0.0676471 0.0870871 0.1 0.0114497
0 0.015015 0.133824 0.03003 0.05 0.0114502
0 0.423423 0.647059 0.0900901 0.0529412 0.0114621
0 0.021021 0.310294 0.042042 0.0735294 0.0114676
0 0.474474 0.651471 0.102102 0.0441176 0.0115035
0 0.687688 0.25 0.132132 0.0823529 0.0115083
0 0.474474 0.626471 0.0900901 0.0470588 0.0115094
0 0.654655 0.260294 0.036036 0.0441176 0.0115335
0 0.249249 0.764706 0.0720721 0.0352941 0.0115442
0 0.752252 0.747059 0.0870871 0.0294118 0.011547
0 0.90991 0.269118 0.0600601 0.0852941 0.0115551
0 0.39039 0.685294 0.0780781 0.0352941 0.0115631
0 0.027027 0.910294 0.0540541 0.126471 0.0115636
0 0.527027 0.526471 0.0930931 0.0764706 0.0115707
0 0.614114 0.0455882 0.0630631 0.0617647 0.0115744
0 0.40991 0.620588 0.117117 0.0235294 0.0115985
0 0.975976 0.339706 0.048048 0.0852941 0.0116083
0 0.0885886 0.270588 0.177177 0.0882353 0.0116285
0 0.813814 0.367647 0.048048 0.135294 0.0116341
0 0.792793 0.592647 0.12012 0.0323529 0.0116357
0 0.851351 0.745588 0.105105 0.0323529 0.0116385
0 0.282282 0.651471 0.036036 0.102941 0.0116411
0 0.935435 0.247059 0.0750751 0.105882 0.011668
0 0.303303 0.588235 0.102102 0.0352941 0.011685
0 0.408408 0.523529 0.0780781 0.0352941 0.0116875
0 0.534535 0.501471 0.138138 0.0382353 0.0116881
0 0.207207 0.682353 0.0540541 0.0588235 0.0117058
0 0.795796 0.361765 0.03003 0.0941176 0.0117137
0 0.018018 0.863235 0.036036 0.0794118 0.0117138
0 0.451952 0.330882 0.255255 0.179412 0.0117261
0 0.629129 0.617647 0.0990991 0.0235294 0.0117384
0 0.906907 0.0632353 0.0600601 0.05 0.0117413
0 0.756757 0.795588 0.0720721 0.0382353 0.0117423
0 0.98048 0.108824 0.039039 0.0647059 0.0117519
0 0.402402 0.944118 0.048048 0.0588235 0.0117615
0 0.816817 0.273529 0.0780781 0.0647059 0.0117629
0 0.0660661 0.302941 0.018018 0.0411765 0.0118077
0 0.265766 0.767647 0.411411 0.341176 0.0118102
0 0.45045 0.797059 0.0900901 0.0529412 0.0118116
0 0.475976 0.770588 0.0990991 0.0823529 0.0118149
0 0.923423 0.689706 0.129129 0.0441176 0.0118155
0 0.384384 0.820588 0.0780781 0.0352941 0.0118284
0 0.34985 0.741176 0.0510511 0.0176471 0.0118355
0 0.118619 0.0647059 0.105105 0.0294118 0.0118477
0 0.83033 0.872059 0.039039 0.0382353 0.0118655
0 0.124625 0.354412 0.0930931 0.0441176 0.0118749
0 0.552553 0.823529 0.0660661 0.0411765 0.0118779
0 0.648649 0.158824 0.036036 0.0352941 0.0118805
0 0.960961 0.141176 0.0660661 0.0470588 0.0118922
0 0.0165165 0.973529 0.033033 0.0529412 0.0119066
0 0.157658 0.619118 0.0930931 0.0323529 0.0119285
0 0.551051 0.848529 0.0690691 0.0617647 0.0119352
0 0.78979 0.775 0.102102 0.0382353 0.0119382
0 0.451952 0.120588 0.0810811 0.0529412 0.0119547
0 0.803303 0.0676471 0.0810811 0.0764706 0.0119633
0 0.945946 0.680882 0.108108 0.0323529 0.0119638
0 0.744745 0.795588 0.132132 0.00882353 0.0119641
0 0.915916 0.325 0.0900901 0.0558824 0.011966
0 0.857357 0.2 0.0810811 0.0941176 0.0120101
0 0.768769 0.314706 0.036036 0.0588235 0.0120238
0 0.576577 0.897059 0.0720721 0.0705882 0.0120479
0 0.5 0.797059 0.0870871 0.0764706 0.0120512
0 0.525526 0.602941 0.108108 0.0588235 0.0120578
0 0.337838 0.833824 0.0810811 0.0264706 0.0120713
0 0.623123 0.723529 0.135135 0.0117647 0.0120714
0 0.779279 0.622059 0.0750751 0.05 0.0120976
0 0.331832 0.0470588 0.0690691 0.0941176 0.0121001
0 0.303303 0.563235 0.126126 0.0970588 0.0121052
0 0.460961 0.05 0.105105 0.0647059 0.0121134
0 0.591592 0.598529 0.156156 0.00882353 0.0121354
0 0.195195 0.0647059 0.0840841 0.0411765 0.0121355
0 0.423423 0.894118 0.0720721 0.0764706 0.0121359
0 0.617117 0.341176 0.0690691 0.0352941 0.0121406
0 0.525526 0.772059 0.0900901 0.0794118 0.0121416
0 0.881381 0.0926471 0.0750751 0.0617647 0.0121432
0 0.915916 0.960294 0.018018 0.0382353 0.0121556
0 0.475976 0.120588 0.0750751 0.0705882 0.0121606
0 0.614114 0.392647 0.111111 0.0147059 0.0121677
0 0.797297 0.388235 0.033033 0.0647059 0.0121778
0 0.896396 0.522059 0.0810811 0.0558824 0.0121839
0 0.462462 0.623529 0.126126 0.0176471 0.0121997
0 0.0690691 0.329412 0.0600601 0.0352941 0.0122049
0 0.0930931 0.0588235 0.126126 0.0294118 0.0122284
0 0.959459 0.444118 0.0810811 0.0647059 0.0122411
0 0.956456 0.466176 0.0870871 0.0558824 0.0122535
0 0.93994 0.0941176 0.0600601 0.0529412 0.0122588
0 0.771772 0.569118 0.138138 0.0264706 0.0122645
0 0.746246 0.719118 0.117117 0.0264706 0.0122691
0 0.435435 0.0264706 0.0960961 0.0529412 0.0122757
0 0.46997 0.419118 0.123123 0.05 0.0122911
0 0.0465465 0.416176 0.0930931 0.0205882 0.0123057
0 0.977477 0.517647 0.045045 0.0705882 0.0123094
0 0.762763 0.423529 0.126126 0.0470588 0.0123149
0 0.54955 0.75 0.0660661 0.0588235 0.0123284
0 0.138138 0.516176 0.138138 0.0264706 0.0123479
0 0.0870871 0.116176 0.126126 0.0323529 0.0123502
0 0.554054 0.601471 0.105105 0.0441176 0.012372
0 0.654655 0.291176 0.036036 0.0411765 0.0123938
0 0.807808 0.872059 0.0540541 0.0441176 0.0124188
0 0.651652 0.745588 0.114114 0.00882353 0.0124216
0 0.382883 0.547059 0.0990991 0.0470588 0.0124409
0 0.917417 0.423529 0.0870871 0.0647059 0.0124495
0 0.908408 0.219118 0.0630631 0.0911765 0.0124622
0 0.5 0.825 0.0690691 0.0676471 0.012475
0 0.246246 0.792647 0.0720721 0.0441176 0.0124912
0 0.840841 0.444118 0.0660661 0.0529412 0.0125047
0 0.780781 0.822059 0.0600601 0.0441176 0.0125408
0 0.552553 0.65 0.0840841 0.0352941 0.0125432
0 0.542042 0.694118 0.117117 0.0294118 0.0125476
0 0.752252 0.770588 0.0870871 0.0294118 0.012565
0 0.525526 0.823529 0.0840841 0.0588235 0.0125701
0 0.552553 0.798529 0.0660661 0.0382353 0.0126007
0 0.0555556 0.891176 0.039039 0.176471 0.0126155
0 0.866366 0.472059 0.0810811 0.05 0.0126216
0 0.944444 0.798529 0.111111 0.0382353 0.0126222
0 0.304805 0.0882353 0.0690691 0.129412 0.0126914
0 0.906907 0.0897059 0.0720721 0.0558824 0.0127121
0 0.624625 0.586765 0.102102 0.0205882 0.0127253
0 0.477477 0.945588 0.042042 0.0558824 0.0127254
0 0.208709 0.711765 0.0930931 0.105882 0.0127379
0 0.732733 0.820588 0.0660661 0.0235294 0.0127467
0 0.448949 0.744118 0.0930931 0.0588235 0.0127609
0 0.728228 0.889706 0.0570571 0.102941 0.0127906
0 0.59009 0.448529 0.189189 0.0323529 0.0128071
0 0.207207 0.657353 0.03003 0.0441176 0.0128198
0 0.445946 0.825 0.0750751 0.05 0.0128309
0 0.723724 0.325 0.168168 0.161765 0.0128376
0 0.384384 0.025 0.0720721 0.05 0.012915
0 0.525526 0.725 0.0900901 0.0852941 0.0129362
0 0.971471 0.0294118 0.0570571 0.0588235 0.0129363
0 0.794294 0.323529 0.0570571 0.0647059 0.0129465
0 0.878378 0.886765 0.117117 0.0382353 0.0129677
0 0.276276 0.764706 0.0720721 0.0294118 0.0129745
0 0.33033 0.605882 0.12012 0.0352941 0.0129797
0 0.472973 0.823529 0.0690691 0.0647059 0.0129839
0 0.147147 0.383824 0.294294 0.167647 0.0129908
0 0.617117 0.364706 0.117117 0.0176471 0.0129963
0 0.528529 0.797059 0.0840841 0.0588235 0.0130003
0 0.866366 0.448529 0.0750751 0.0617647 0.0130067
0 0.963964 0.266176 0.0660661 0.0617647 0.0130068
0 0.186186 0.472059 0.0840841 0.0558824 0.013023
0 0.708709 0.845588 0.0660661 0.0323529 0.0130589
0 0.807808 0.720588 0.0900901 0.0529412 0.0130631
0 0.274775 0.792647 0.0750751 0.0205882 0.0130861
0 0.917417 0.4 0.0990991 0.0529412 0.0131174
0 0.576577 0.798529 0.0540541 0.05 0.0131236
0 0.782282 0.895588 0.0570571 0.0735294 0.013146
0 0.771772 0.669118 0.114114 0.0205882 0.0131709
0 0.5 0.697059 0.0810811 0.0647059 0.0131794
0 0.825826 0.364706 0.048048 0.0882353 0.01321
0 0.885886 0.957353 0.018018 0.0617647 0.0132273
0 0.755255 0.895588 0.0570571 0.0852941 0.0132448
0 0.570571 0.432353 0.252252 0.176471 0.0132764
0 0.515015 0.917647 0.0810811 0.0470588 0.0132793
0 0.277778 0.591176 0.135135 0.0588235 0.0132964
0 0.411411 0.986765 0.0960961 0.0264706 0.0133234
0 0.875375 0.864706 0.129129 0.0352941 0.0133472
0 0.0165165 0.107353 0.033033 0.0676471 0.0133489
0 0.935435 0.292647 0.0690691 0.0970588 0.013351
0 0.551051 0.625 0.0930931 0.0323529 0.0133577
0 0.0570571 0.444118 0.114114 0.0470588 0.0133658
0 0.286787 0.767647 0.141141 0.0294118 0.0133752
0 0.948949 0.0264706 0.0720721 0.0529412 0.0133767
0 0.743243 0.338235 0.039039 0.0411765 0.0134259
0 0.307808 0.983824 0.0870871 0.0323529 0.0134391
0 0.186186 0.613235 0.0900901 0.0323529 0.0134436
0 0.545045 0.938235 0.0810811 0.0470588 0.0134866
0 0.756757 0.820588 0.0660661 0.0294118 0.0134869
0 0.657658 0.111765 0.042042 0.147059 0.0134895
0 0.542042 0.675 0.141141 0.0205882 0.0135074
0 0.463964 0.575 0.123123 0.0205882 0.0135108
0 0.615616 0.622059 0.114114 0.00882353 0.0135554
0 0.489489 0.675 0.174174 0.0323529 0.0135878
0 0.394895 0.716176 0.0930931 0.0441176 0.0136229
0 0.645646 0.645588 0.12012 0.0147059 0.0136378
0 0.237237 0.708824 0.0660661 0.0823529 0.0136469
0 0.947447 0.775 0.105105 0.0558824 0.01366
0 0.714715 0.425 0.126126 0.0205882 0.0136657
0 0.947447 0.663235 0.105105 0.0441176 0.0136672
0 0.66967 0.223529 0.108108 0.0882353 0.0136946
0 0.782282 0.0941176 0.0750751 0.0882353 0.0136995
0 0.692192 0.113235 0.033033 0.0558824 0.0137262
0 0.424925 0.917647 0.0570571 0.0529412 0.0137262
0 0.357357 0.764706 0.018018 0.0117647 0.0137275
0 0.704204 0.204412 0.0630631 0.05 0.013794
0 0.725225 0.689706 0.0990991 0.0205882 0.0138128
0 0.674174 0.545588 0.171171 0.0147059 0.0138131
0 0.917417 0.348529 0.0810811 0.0617647 0.0138205
0 0.942943 0.0705882 0.0600601 0.0588235 0.0138395
0 0.758258 0.120588 0.0630631 0.1 0.0138483
0 0.942943 0.375 0.0720721 0.0617647 0.0138491
0 0.77027 0.370588 0.273273 0.276471 0.0138858
0 0.891892 0.814706 0.216216 0.370588 0.0139082
0 0.6997 0.767647 0.144144 0.0117647 0.013912
0 0.963964 0.241176 0.0600601 0.0647059 0.0139331
0 0.385886 0.594118 0.129129 0.0294118 0.0139401
0 0.525526 0.675 0.0900901 0.05 0.0139518
0 0.385886 0.667647 0.105105 0.0470588 0.0139831
0 0.315315 0.813235 0.114114 0.0205882 0.0139862
0 0.0915916 0.0897059 0.123123 0.05 0.0140648
0 0.581081 0.532353 0.339339 0.305882 0.0140991
0 0.213213 0.4 0.108108 0.0529412 0.0141174
0 0.942943 0.122059 0.0600601 0.05 0.0141291
0 0.33033 0.0941176 0.0840841 0.0882353 0.0141351
0 0.340841 0.6 0.0690691 0.0235294 0.0141394
0 0.59009 0.495588 0.183183 0.0323529 0.014193
0 0.672673 0.232353 0.042042 0.0294118 0.0142055
0 0.614114 0.569118 0.117117 0.0147059 0.0142157
0 0.015015 0.0823529 0.03003 0.0647059 0.0142315
0 0.945946 0.0441176 0.0840841 0.0529412 0.0142378
0 0.45045 0.722059 0.0840841 0.0441176 0.0142549
0 0.915916 0.375 0.0780781 0.0558824 0.0142661
0 0.933934 0.872059 0.132132 0.0382353 0.0143121
0 0.133634 0.569118 0.135135 0.0382353 0.0143676
0 0.642643 0.595588 0.108108 0.0147059 0.0143953
0 0.552553 0.675 0.0780781 0.0382353 0.0143983
0 0.136637 0.542647 0.129129 0.0323529 0.0143995
0 0.647147 0.477941 0.183183 0.0264706 0.014414
0 0.764264 0.472059 0.117117 0.0323529 0.0144215
0 0.974474 0.492647 0.0510511 0.0852941 0.0144306
0 0.72973 0.869118 0.0780781 0.05 0.0144335
0 0.543544 0.394118 0.132132 0.0352941 0.0144363
0 0.918919 0.448529 0.102102 0.0617647 0.0144475
0 0.768769 0.332353 0.024024 0.0647059 0.0145234
0 0.426426 0.945588 0.048048 0.05 0.0145571
0 0.471471 0.895588 0.0720721 0.0794118 0.0145804
0 0.474474 0.698529 0.0840841 0.0441176 0.0147266
0 0.448949 0.916176 0.0630631 0.05 0.0147565
0 0.525526 0.627941 0.0960961 0.0617647 0.0147781
0 0.881381 0.147059 0.0690691 0.0588235 0.0147864
0 0.436937 0.598529 0.105105 0.0264706 0.014808
0 0.648649 0.138235 0.048048 0.0352941 0.0148136
0 0.184685 0.636765 0.0750751 0.0441176 0.0148257
0 0.66967 0.445588 0.132132 0.0264706 0.0148364
0 0.927928 0.519118 0.0840841 0.0676471 0.0148371
0 0.411411 0.645588 0.15015 0.0264706 0.0148524
0 0.693694 0.138235 0.042042 0.0529412 0.0148595
0 0.893393 0.497059 0.0870871 0.0588235 0.0148636
0 0.279279 0.613235 0.144144 0.0558824 0.0148849
0 0.716216 0.451471 0.129129 0.0205882 0.0149344
0 0.764264 0.394118 0.105105 0.0470588 0.0149362
0 0.216216 0.0764706 0.348348 0.152941 0.0149442
0 0.539039 0.425 0.153153 0.0441176 0.015024
0 0.617117 0.594118 0.123123 0.0117647 0.0150497
0 0.87988 0.119118 0.0720721 0.0617647 0.0150641
0 0.0900901 0.464706 0.18018 0.288235 0.0150805
0 0.121622 0.280882 0.243243 0.0264706 0.0151061
0 0.714715 0.501471 0.174174 0.0323529 0.0151115
0 0.765766 0.526471 0.126126 0.0411765 0.0151489
0 0.042042 0.0558824 0.0600601 0.0411765 0.0151509
0 0.255255 0.641176 0.108108 0.0823529 0.0151663
0 0.593093 0.420588 0.177177 0.0235294 0.0151707
0 0.171171 0.0426471 0.114114 0.0323529 0.0151727
0 0.713213 0.475 0.153153 0.0264706 0.0151927
0 0.674174 0.154412 0.015015 0.0205882 0.0152298
0 0.645646 0.620588 0.12012 0.0117647 0.01526
0 0.268769 0.0235294 0.0810811 0.0470588 0.0152643
0 0.237237 0.679412 0.0540541 0.0411765 0.0152877
0 0.165165 0.589706 0.108108 0.0205882 0.0152896
0 0.678679 0.204412 0.0660661 0.0323529 0.0153169
0 0.382883 0.569118 0.117117 0.0382353 0.0153242
0 0.36036 0.585294 0.12012 0.0352941 0.0153306
0 0.522523 0.710294 0.384384 0.397059 0.0153357
0 0.0615616 0.410294 0.123123 0.0205882 0.0153553
0 0.921922 0.470588 0.0840841 0.0647059 0.0153996
0 0.163664 0.566176 0.0990991 0.0205882 0.0154313
0 0.0735736 0.172059 0.147147 0.344118 0.0154441
0 0.704204 0.254412 0.039039 0.05 0.0154866
0 0.0975976 0.275 0.195195 0.0617647 0.0154883
0 0.725225 0.569118 0.135135 0.0205882 0.0155468
0 0.804805 0.744118 0.0900901 0.0588235 0.0155621
0 0.45045 0.945588 0.0540541 0.0558824 0.0155701
0 0.644144 0.0926471 0.033033 0.0735294 0.0156083
0 0.611111 0.0720588 0.0570571 0.0735294 0.0156173
0 0.714715 0.523529 0.192192 0.0294118 0.015625
0 0.498498 0.744118 0.0900901 0.0941176 0.0156351
0 0.372372 0.677941 0.0540541 0.0264706 0.0156582
0 0.418919 0.801471 0.297297 0.397059 0.0156749
0 0.905405 0.116176 0.0750751 0.0676471 0.0157055
0 0.474474 0.672059 0.0900901 0.0441176 0.0157266
0 0.66967 0.0838235 0.27027 0.167647 0.0157374
0 0.642643 0.188235 0.0600601 0.105882 0.0157904
0 0.0855856 0.226471 0.171171 0.0941176 0.0159131
0 0.728228 0.233824 0.033033 0.05 0.0159282
0 0.783784 0.85 0.0540541 0.0470588 0.0159337
0 0.0720721 0.357353 0.0900901 0.0441176 0.0159512
0 0.771772 0.644118 0.126126 0.0235294 0.0159531
0 0.881381 0.173529 0.0630631 0.0647059 0.0159853
0 0.932432 0.170588 0.0810811 0.0705882 0.0160276
0 0.0870871 0.435294 0.12012 0.0176471 0.016064
0 0.717718 0.341176 0.0840841 0.0411765 0.0160653
0 0.806306 0.122059 0.0750751 0.0970588 0.0160778
0 0.0495495 0.364706 0.0990991 0.0294118 0.0161243
0 0.367868 0.660294 0.0690691 0.0323529 0.0161697
0 0.720721 0.180882 0.246246 0.332353 0.0161871
0 0.345345 0.627941 0.0840841 0.0205882 0.0162339
0 0.671171 0.472059 0.123123 0.0205882 0.0162366
0 0.981982 0.025 0.036036 0.05 0.0162432
0 0.95045 0.920588 0.0990991 0.0235294 0.016304
0 0.677177 0.470588 0.225225 0.264706 0.0163316
0 0.36036 0.613235 0.102102 0.0323529 0.0163526
0 0.641141 0.202941 0.135135 0.0764706 0.0163771
0 0.412913 0.55 0.0930931 0.0352941 0.0164049
0 0.756757 0.870588 0.0720721 0.0529412 0.0164613
0 0.121622 0.388235 0.243243 0.0294118 0.0164679
0 0.0690691 0.382353 0.114114 0.0294118 0.0164922
0 0.462462 0.651471 0.156156 0.0264706 0.0165013
0 0.623123 0.816176 0.279279 0.326471 0.0165084
0 0.168168 0.0220588 0.108108 0.0441176 0.0165146
0 0.831832 0.170588 0.0720721 0.0823529 0.0165213
0 0.261261 0.708824 0.0720721 0.0705882 0.0165586
0 0.884384 0.898529 0.231231 0.202941 0.0166138
0 0.671171 0.366176 0.0810811 0.0205882 0.016648
0 0.31982 0.675 0.039039 0.0382353 0.0166567
0 0.783784 0.873529 0.0600601 0.0470588 0.01667
0 0.906907 0.167647 0.0600601 0.0647059 0.0166924
0 0.475976 0.723529 0.0810811 0.0705882 0.0167069
0 0.758258 0.847059 0.0630631 0.0411765 0.0167308
0 0.027027 0.248529 0.0540541 0.0558824 0.0167594
0 0.207207 0.632353 0.0600601 0.0470588 0.0167766
0 0.202703 0.379412 0.339339 0.111765 0.016815
0 0.773273 0.617647 0.129129 0.0235294 0.0168393
0 0.231231 0.657353 0.0540541 0.0441176 0.016887
0 0.806306 0.169118 0.0630631 0.0911765 0.0169249
0 0.930931 0.141176 0.0720721 0.0470588 0.0170903
0 0.671171 0.391176 0.117117 0.0176471 0.0171288
0 0.722222 0.585294 0.105105 0.0176471 0.0171405
0 0.124625 0.289706 0.249249 0.0676471 0.0171853
0 0.12012 0.466176 0.162162 0.0205882 0.0172243
0 0.363363 0.557353 0.102102 0.0794118 0.0172549
0 0.645646 0.117647 0.03003 0.0470588 0.0172729
0 0.048048 0.336765 0.0960961 0.0264706 0.0172783
0 0.723724 0.667647 0.108108 0.0235294 0.0172824
0 0.702703 0.227941 0.024024 0.05 0.0172999
0 0.674174 0.523529 0.171171 0.0176471 0.0173031
0 0.361862 0.641176 0.123123 0.0352941 0.017344
0 0.674174 0.342647 0.0570571 0.0264706 0.0173821
0 0.537538 0.45 0.132132 0.0529412 0.0174078
0 0.711712 0.398529 0.15015 0.0264706 0.01745
0 0.765766 0.363235 0.0600601 0.0617647 0.0174821
0 0.521021 0.182353 0.309309 0.170588 0.017483
0 0.0555556 0.535294 0.111111 0.123529 0.0174889
0 0.731231 0.847059 0.0570571 0.0294118 0.0174959
0 0.435435 0.670588 0.12012 0.0294118 0.0175063
0 0.77027 0.586765 0.105105 0.0264706 0.0175248
0 0.65015 0.202941 0.0870871 0.0529412 0.017568
0 0.782282 0.141176 0.0750751 0.105882 0.0175867
0 0.906907 0.139706 0.0660661 0.0558824 0.0176054
0 0.472973 0.136765 0.225225 0.138235 0.0176079
0 0.265766 0.382353 0.183183 0.0705882 0.0177183
0 0.858859 0.0911765 0.282282 0.182353 0.0177234
0 0.31982 0.629412 0.0810811 0.0294118 0.0178022
0 0.534535 0.473529 0.132132 0.0411765 0.0178109
0 0.926426 0.494118 0.105105 0.0705882 0.0178363
0 0.788288 0.338235 0.0810811 0.117647 0.0178384
0 0.674174 0.0794118 0.015015 0.0764706 0.0178475
0 0.666667 0.180882 0.0600601 0.161765 0.0178521
0 0.771772 0.117647 0.276276 0.235294 0.0178769
0 0.777778 0.758824 0.354354 0.482353 0.018011
0 0.435435 0.694118 0.108108 0.0352941 0.0180153
0 0.189189 0.448529 0.0900901 0.0558824 0.0180242
0 0.291291 0.713235 0.0900901 0.05 0.0181097
0 0.675676 0.564706 0.168168 0.0117647 0.0181263
0 0.196697 0.0397059 0.147147 0.0205882 0.01813
0 0.672673 0.497059 0.12012 0.0235294 0.0181346
0 0.43994 0.576471 0.105105 0.0352941 0.0182299
0 0.366366 0.813235 0.0600601 0.0264706 0.0183471
0 0.701201 0.742647 0.165165 0.0205882 0.0183503
0 0.105105 0.326471 0.21021 0.0705882 0.0183636
0 0.666667 0.0573529 0.03003 0.0558824 0.0183675
0 0.157658 0.816176 0.225225 0.367647 0.0183877
0 0.861862 0.463235 0.276276 0.373529 0.0184293
0 0.621622 0.669118 0.132132 0.0147059 0.0184397
0 0.92042 0.95 0.159159 0.1 0.0184534
0 0.322823 0.0397059 0.279279 0.0794118 0.0184656
0 0.59009 0.470588 0.195195 0.0294118 0.0185367
0 0.121622 0.385294 0.159159 0.0235294 0.0185804
0 0.918919 0.677941 0.162162 0.114706 0.0185829
0 0.343844 0.808824 0.0810811 0.0176471 0.0186062
0 0.328829 0.536765 0.153153 0.108824 0.0186566
0 0.851351 0.661765 0.297297 0.411765 0.0186637
0 0.0510511 0.585294 0.102102 0.111765 0.0187412
0 0.702703 0.619118 0.0900901 0.0205882 0.0187831
0 0.31982 0.386765 0.159159 0.102941 0.0188541
0 0.936937 0.914706 0.114114 0.0235294 0.0188604
0 0.0525526 0.633824 0.105105 0.120588 0.0188615
0 0.0315315 0.223529 0.0630631 0.0647059 0.0188619
0 0.12012 0.667647 0.24024 0.276471 0.0188709
0 0.421922 0.183824 0.273273 0.132353 0.0188755
0 0.678679 0.258824 0.036036 0.0470588 0.0190361
0 0.941441 0.626471 0.117117 0.111765 0.0190816
0 0.421922 0.335294 0.189189 0.1 0.0191087
0 0.564565 0.0852941 0.27027 0.170588 0.0191239
0 0.66967 0.419118 0.12012 0.0205882 0.0191494
0 0.873874 0.310294 0.252252 0.379412 0.0191628
0 0.63964 0.0676471 0.042042 0.0647059 0.0192192
0 0.321321 0.332353 0.138138 0.0941176 0.0192329
0 0.222222 0.275 0.192192 0.114706 0.019273
0 0.714715 0.369118 0.144144 0.0264706 0.019349
0 0.372372 0.280882 0.174174 0.0852941 0.019426
0 0.675676 0.589706 0.12012 0.0147059 0.0194678
0 0.0660661 0.952941 0.132132 0.0941176 0.0195142
0 0.878378 0.719118 0.243243 0.0794118 0.0195423
0 0.307808 0.414706 0.273273 0.341176 0.0195935
0 0.135135 0.339706 0.27027 0.05 0.019601
0 0.31982 0.436765 0.165165 0.102941 0.0196106
0 0.174174 0.679412 0.264264 0.158824 0.0199791
0 0.28979 0.739706 0.111111 0.0382353 0.0200074
0 0.900901 0.560294 0.198198 0.297059 0.0200793
0 0.0660661 0.885294 0.132132 0.229412 0.0200867
0 0.219219 0.327941 0.198198 0.102941 0.0201123
0 0.914414 0.773529 0.171171 0.117647 0.0201297
0 0.118619 0.433824 0.105105 0.0205882 0.02015
0 0.548048 0.366176 0.171171 0.0382353 0.0201795
0 0.262763 0.679412 0.0930931 0.0470588 0.0202355
0 0.65015 0.692647 0.129129 0.00882353 0.0202371
0 0.0720721 0.713235 0.144144 0.444118 0.0203211
0 0.31982 0.485294 0.225225 0.117647 0.0203352
0 0.217718 0.227941 0.225225 0.126471 0.0204075
0 0.675676 0.127941 0.024024 0.0205882 0.0204908
0 0.475976 0.230882 0.249249 0.15 0.0204912
0 0.358859 0.264706 0.225225 0.323529 0.0205226
0 0.294294 0.680882 0.0840841 0.0323529 0.0205523
0 0.518018 0.427941 0.297297 0.0676471 0.0205737
0 0.123123 0.120588 0.246246 0.241176 0.0206022
0 0.474474 0.280882 0.24024 0.120588 0.0206086
0 0.561562 0.327941 0.408408 0.0441176 0.0206412
0 0.774775 0.517647 0.294294 0.4 0.0206509
0 0.219219 0.952941 0.162162 0.0941176 0.0206524
0 0.0765766 0.632353 0.153153 0.0941176 0.0208278
0 0.0855856 0.677941 0.171171 0.108824 0.0208459
0 0.675676 0.104412 0.012012 0.05 0.020897
0 0.77027 0.329412 0.0810811 0.0588235 0.0209083
0 0.678679 0.719118 0.138138 0.0147059 0.0209674
0 0.33033 0.679412 0.108108 0.0411765 0.020995
0 0.378378 0.129412 0.246246 0.129412 0.0210437
0 0.0930931 0.4 0.138138 0.0176471 0.0210762
0 0.0165165 0.0588235 0.033033 0.0588235 0.0211468
0 0.0810811 0.872059 0.162162 0.144118 0.0211801
0 0.6997 0.714706 0.126126 0.0176471 0.0211819
0 0.396396 0.773529 0.0720721 0.0647059 0.0212252
0 0.189189 0.422059 0.0960961 0.0617647 0.0213003
0 0.165165 0.379412 0.33033 0.347059 0.0214016
0 0.0945946 0.373529 0.189189 0.0764706 0.0214134
0 0.0615616 0.0367647 0.0990991 0.0382353 0.0214225
0 0.630631 0.0411765 0.258258 0.0823529 0.0214268
0 0.211712 0.0352941 0.345345 0.0705882 0.0214436
0 0.375375 0.711765 0.0720721 0.0294118 0.0214667
0 0.647147 0.226471 0.705706 0.452941 0.0214687
0 0.213213 0.482353 0.348348 0.111765 0.0214745
0 0.734234 0.942647 0.165165 0.114706 0.0215133
0 0.12012 0.408824 0.132132 0.0176471 0.0215236
0 0.915916 0.0441176 0.168168 0.0882353 0.0215561
0 0.917417 0.457353 0.165165 0.444118 0.0215618
0 0.674174 0.320588 0.0630631 0.0352941 0.0216014
0 0.0810811 0.925 0.162162 0.126471 0.0216056
0 0.31982 0.230882 0.171171 0.108824 0.0216143
0 0.142643 0.482353 0.285285 0.0705882 0.0216519
0 0.687688 0.204412 0.108108 0.267647 0.0218688
0 0.824324 0.422059 0.243243 0.0970588 0.0219403
0 0.776276 0.566176 0.237237 0.120588 0.0219646
0 0.521021 0.0367647 0.291291 0.0735294 0.0219878
0 0.675676 0.616176 0.12012 0.0147059 0.0220097
0 0.40991 0.170588 0.309309 0.341176 0.022095
0 0.223724 0.177941 0.285285 0.144118 0.0221234
0 0.0630631 0.777941 0.126126 0.15 0.0221463
0 0.981982 0.0529412 0.036036 0.0823529 0.0221542
0 0.768769 0.317647 0.342342 0.105882 0.0222483
0 0.25976 0.839706 0.285285 0.320588 0.0222576
0 0.418919 0.0338235 0.279279 0.0676471 0.022268
0 0.633634 0.942647 0.18018 0.114706 0.0223271
0 0.465465 0.385294 0.258258 0.0764706 0.0223709
0 0.524024 0.0808824 0.225225 0.102941 0.0224103
0 0.121622 0.95 0.201201 0.1 0.0224624
0 0.0855856 0.122059 0.171171 0.114706 0.0225747
0 0.286787 0.635294 0.111111 0.0588235 0.022608
0 0.564565 0.273529 0.426426 0.0647059 0.0226212
0 0.674174 0.644118 0.123123 0.0235294 0.0226267
0 0.123123 0.233824 0.246246 0.120588 0.0226786
0 0.129129 0.723529 0.234234 0.129412 0.0227073
0 0.824324 0.470588 0.261261 0.1 0.0227307
0 0.938438 0.573529 0.123123 0.105882 0.0227546
0 0.220721 0.0147059 0.171171 0.0294118 0.0227579
0 0.576577 0.129412 0.246246 0.147059 0.0228799
0 0.271772 0.075 0.285285 0.102941 0.0228983
0 0.726727 0.648529 0.138138 0.0323529 0.0229069
0 0.321321 0.951471 0.192192 0.0970588 0.022926
0 0.806306 0.820588 0.387387 0.358824 0.0230885
0 0.276276 0.526471 0.312312 0.129412 0.0231326
0 0.117117 0.0426471 0.156156 0.0264706 0.0231607
0 0.042042 0.230882 0.0720721 0.102941 0.0232036
0 0.518018 0.838235 0.351351 0.323529 0.0232756
0 0.0900901 0.177941 0.18018 0.102941 0.023287
0 0.372372 0.438235 0.744745 0.829412 0.0233275
0 0.177177 0.436765 0.354354 0.138235 0.0233489
0 0.768769 0.372059 0.336336 0.0852941 0.0234771
0 0.471471 0.576471 0.384384 0.347059 0.0235135
0 0.372372 0.798529 0.048048 0.0852941 0.0235226
0 0.779279 0.0426471 0.237237 0.0852941 0.0235924
0 0.427928 0.0764706 0.195195 0.1 0.0236384
0 0.223724 0.575 0.393393 0.155882 0.0236871
0 0.324324 0.176471 0.258258 0.129412 0.0237257
0 0.411411 0.466176 0.258258 0.285294 0.0238096
0 0.273273 0.125 0.252252 0.102941 0.0239468
0 0.16967 0.926471 0.177177 0.147059 0.0240069
0 0.575075 0.914706 0.231231 0.170588 0.0243882
0 0.684685 0.908824 0.198198 0.182353 0.0244756
0 0.678679 0.291176 0.0600601 0.0411765 0.0244946
0 0.930931 0.869118 0.138138 0.0205882 0.0245453
0 0.325826 0.588235 0.0930931 0.0529412 0.0245596
0 0.677177 0.689706 0.117117 0.0147059 0.0245698
0 0.683183 0.589706 0.369369 0.432353 0.0246257
0 0.87988 0.664706 0.216216 0.123529 0.0247107
0 0.0795796 0.816176 0.159159 0.326471 0.0247154
0 0.321321 0.705882 0.126126 0.0117647 0.0247874
0 0.884384 0.369118 0.195195 0.108824 0.0248135
0 0.522523 0.472059 0.264264 0.0794118 0.0248153
0 0.56006 0.375 0.351351 0.05 0.0248817
0 0.219219 0.429412 0.0960961 0.0588235 0.0250199
0 0.108108 0.558824 0.216216 0.329412 0.0250908
0 0.722222 0.133824 0.555556 0.267647 0.0251035
0 0.822823 0.202941 0.234234 0.405882 0.0253257
0 0.261261 0.166176 0.312312 0.332353 0.0254403
0 0.162162 0.436765 0.324324 0.0558824 0.0255886
0 0.352853 0.7 0.111111 0.0117647 0.0256127
0 0.66967 0.370588 0.660661 0.511765 0.0256524
0 0.0960961 0.826471 0.192192 0.135294 0.0256759
0 0.90991 0.523529 0.18018 0.111765 0.0257084
0 0.773273 0.273529 0.285285 0.147059 0.0257839
0 0.163664 0.525 0.327327 0.108824 0.025834
0 0.882883 0.814706 0.234234 0.111765 0.0258383
0 0.834835 0.710294 0.264264 0.167647 0.0259425
0 0.174174 0.822059 0.246246 0.167647 0.0259528
0 0.156156 0.391176 0.312312 0.0588235 0.0259594
0 0.878378 0.764706 0.237237 0.147059 0.0259758
0 0.570571 0.514706 0.24024 0.1 0.0259942
0 0.567568 0.830882 0.738739 0.202941 0.0260134
0 0.477477 0.154412 0.528529 0.308824 0.026054
0 0.867868 0.948529 0.264264 0.102941 0.0260752
0 0.816817 0.158824 0.366366 0.317647 0.0261473
0 0.534535 0.767647 0.288288 0.158824 0.026164
0 0.423423 0.229412 0.45045 0.370588 0.0263251
0 0.666667 0.322059 0.324324 0.0852941 0.0263801
0 0.246246 0.452941 0.0600601 0.1 0.0263965
0 0.421922 0.527941 0.237237 0.108824 0.0263985
0 0.572072 0.563235 0.255255 0.126471 0.026621
0 0.477477 0.919118 0.258258 0.155882 0.026687
0 0.219219 0.452941 0.0780781 0.0764706 0.0267049
0 0.720721 0.675 0.558559 0.65 0.02675
0 0.66967 0.217647 0.42042 0.105882 0.0268407
0 0.834835 0.0779412 0.21021 0.155882 0.0268559
0 0.333333 0.141176 0.666667 0.282353 0.0271677
0 0.674174 0.666176 0.135135 0.0147059 0.0272679
0 0.959459 0.267647 0.0810811 0.105882 0.0272746
0 0.83033 0.523529 0.339339 0.394118 0.0273644
0 0.418919 0.433824 0.219219 0.0911765 0.027513
0 0.414414 0.727941 0.276276 0.197059 0.0276125
0 0.417417 0.826471 0.816817 0.341176 0.0276561
0 0.953453 0.369118 0.0930931 0.0970588 0.0278096
0 0.776276 0.517647 0.255255 0.129412 0.0278139
0 0.726727 0.879412 0.528529 0.241176 0.0278538
0 0.881381 0.616176 0.183183 0.126471 0.0278608
0 0.788288 0.911765 0.207207 0.176471 0.0279086
0 0.62012 0.417647 0.357357 0.0823529 0.027933
0 0.220721 0.867647 0.267267 0.164706 0.0280108
0 0.129129 0.580882 0.258258 0.114706 0.0280133
0 0.12012 0.630882 0.216216 0.132353 0.0280331
0 0.472973 0.95 0.225225 0.1 0.0280967
0 0.917417 0.417647 0.165165 0.105882 0.0281341
0 0.525526 0.864706 0.312312 0.147059 0.0281593
0 0.273273 0.923529 0.174174 0.152941 0.0282951
0 0.782282 0.169118 0.225225 0.144118 0.0282983
0 0.129129 0.873529 0.222222 0.141176 0.0283546
0 0.0435435 0.0191176 0.0870871 0.0382353 0.0284018
0 0.133634 0.122059 0.267267 0.167647 0.0284033
0 0.424925 0.822059 0.291291 0.185294 0.0284081
0 0.33033 0.655882 0.0840841 0.0294118 0.0284081
0 0.90991 0.0705882 0.18018 0.105882 0.0284865
0 0.881381 0.570588 0.213213 0.111765 0.0286286
0 0.415916 0.475 0.57958 0.361765 0.0286312
0 0.921922 0.314706 0.156156 0.105882 0.0286639
0 0.780781 0.613235 0.228228 0.114706 0.0287492
0 0.723724 0.416176 0.3003 0.120588 0.0287812
0 0.807808 0.273529 0.384384 0.458824 0.0287944
0 0.372372 0.576471 0.318318 0.147059 0.0287975
0 0.294294 0.658824 0.108108 0.0529412 0.0288118
0 0.908408 0.470588 0.183183 0.111765 0.0288594
0 0.78979 0.813235 0.264264 0.167647 0.0289491
0 0.833333 0.864706 0.309309 0.188235 0.0290001
0 0.288288 0.235294 0.576577 0.417647 0.0290257
0 0.665165 0.377941 0.291291 0.108824 0.0290782
0 0.222222 0.764706 0.27027 0.152941 0.0291806
0 0.16967 0.202941 0.339339 0.405882 0.0296129
0 0.629129 0.0735294 0.291291 0.129412 0.0296174
0 0.138138 0.675 0.276276 0.320588 0.0296846
0 0.423423 0.476471 0.24024 0.0882353 0.0296911
0 0.735736 0.0720588 0.216216 0.144118 0.029775
0 0.776276 0.219118 0.261261 0.144118 0.029923
0 0.373874 0.911765 0.225225 0.176471 0.0300379
0 0.725225 0.666176 0.267267 0.120588 0.0301859
0 0.929429 0.264706 0.141141 0.123529 0.030413
0 0.321321 0.757353 0.138138 0.0205882 0.030487
0 0.118619 0.0161765 0.141141 0.0323529 0.0305461
0 0.427928 0.892647 0.495495 0.214706 0.0306226
0 0.126126 0.773529 0.216216 0.141176 0.0306572
0 0.672673 0.716176 0.312312 0.108824 0.030743
0 0.678679 0.129412 0.354354 0.176471 0.030788
0 0.159159 0.889706 0.318318 0.220588 0.0308839
0 0.369369 0.873529 0.318318 0.152941 0.0313194
0 0.599099 0.735294 0.801802 0.476471 0.0316492
0 0.623123 0.164706 0.435435 0.329412 0.0320426
0 0.462462 0.669118 0.258258 0.161765 0.0320598
0 0.726727 0.463235 0.324324 0.114706 0.0321271
0 0.635135 0.875 0.201201 0.173529 0.0321381
0 0.668168 0.272059 0.351351 0.0911765 0.0324134
0 0.66967 0.519118 0.294294 0.0970588 0.0324445
0 0.737237 0.866176 0.243243 0.161765 0.032486
0 0.576577 0.716176 0.294294 0.179412 0.0325731
0 0.582583 0.817647 0.264264 0.152941 0.0326052
0 0.572072 0.614706 0.303303 0.123529 0.0326629
0 0.534535 0.533824 0.930931 0.538235 0.032665
0 0.156156 0.0838235 0.312312 0.167647 0.032917
0 0.192192 0.677941 0.384384 0.561765 0.0333183
0 0.905405 0.204412 0.189189 0.408824 0.0333826
0 0.13964 0.848529 0.279279 0.302941 0.0336912
0 0.273273 0.872059 0.438438 0.255882 0.0337592
0 0.312312 0.385294 0.624625 0.582353 0.0338737
0 0.624625 0.464706 0.324324 0.0647059 0.0339015
0 0.918919 0.117647 0.162162 0.117647 0.0343416
0 0.186186 0.527941 0.372372 0.414706 0.0344504
0 0.474474 0.573529 0.222222 0.176471 0.0347342
0 0.624625 0.894118 0.45045 0.211765 0.0348947
0 0.914414 0.216176 0.171171 0.132353 0.0350337
0 0.677177 0.767647 0.309309 0.135294 0.035134
0 0.351351 0.788235 0.108108 0.0235294 0.0354181
0 0.315315 0.820588 0.384384 0.1 0.0356171
0 0.884384 0.866176 0.231231 0.108824 0.0356703
0 0.274775 0.614706 0.339339 0.129412 0.0360407
0 0.675676 0.570588 0.264264 0.1 0.0363833
0 0.683183 0.820588 0.243243 0.147059 0.0368466
0 0.441441 0.645588 0.882883 0.708824 0.0368785
0 0.112613 0.0485294 0.225225 0.0970588 0.0374642
0 0.42042 0.623529 0.276276 0.170588 0.0375776
0 0.927928 0.889706 0.144144 0.0205882 0.0377679
0 0.914414 0.164706 0.171171 0.147059 0.0378891
0 0.315315 0.325 0.42042 0.373529 0.0380902
0 0.267267 0.670588 0.36036 0.111765 0.0381595
0 0.885886 0.914706 0.228228 0.1 0.0382826
0 0.671171 0.619118 0.297297 0.0911765 0.0384145
0 0.376877 0.733824 0.117117 0.0264706 0.0389543
0 0.306306 0.582353 0.576577 0.388235 0.0398044
0 0.258258 0.264706 0.516517 0.529412 0.0406123
0 0.0225225 0.0382353 0.045045 0.0529412 0.0410323
0 0.367868 0.675 0.357357 0.0794118 0.0413143
0 0.627628 0.663235 0.294294 0.138235 0.0434194
0 0.298799 0.772059 0.453453 0.0911765 0.0522809
0 0.438438 0.680882 0.876877 0.491176 0.0538056
0 0.351351 0.760294 0.15015 0.0382353 0.0542596
0 0.351351 0.723529 0.198198 0.0294118 0.0560933
0 0.0285285 0.0367647 0.0570571 0.0735294 0.0574032
0 0.303303 0.729412 0.438438 0.0882353 0.0661063
